1000
90 290
120 397
998 830
963 23
947 832
731 366
612 776
711 27
896 677
632 304
69 258
993 61
412 577
43 127
47 353
836 137
644 957
887 994
139 850
17 87
34 101
805 647
229 868
26 126
545 10
782 967
621 127
28 33
56 423
512 103
776 349
593 420
658 480
415 797
682 432
236 717
885 41
716 115
910 94
241 807
104 375
774 725
854 154
111 910
577 623
366 354
972 311
774 630
791 189
780 473
974 16
542 859
58 258
326 320
704 567
127 809
294 254
886 148
408 349
411 986
325 129
692 649
440 466
632 231
8 412
56 334
428 599
545 838
209 872
510 914
791 990
75 438
244 961
586 4
663 349
342 988
478 34
637 918
501 269
501 861
33 558
547 814
509 92
4 718
316 515
984 108
505 59
546 101
373 484
105 36
834 800
376 664
834 365
583 687
987 436
548 20
346 95
186 855
540 191
926 856
706 910
964 563
322 862
664 695
347 121
83 533
921 811
197 108
176 132
795 515
569 344
536 915
791 74
123 331
265 49
188 323
311 504
886 633
719 902
680 66
376 763
951 649
926 148
757 103
633 553
618 202
249 506
469 40
581 592
724 198
993 264
522 305
120 760
290 839
15 323
257 743
438 208
392 365
709 502
468 342
55 438
544 656
297 365
696 230
958 772
428 951
36 302
608 509
415 251
348 782
574 606
525 12
166 269
377 875
771 197
217 178
988 113
834 285
479 883
515 789
655 295
92 44
950 53
553 365
304 253
499 878
211 24
242 378
293 972
253 417
169 823
595 509
288 782
794 119
665 661
908 672
309 353
716 259
406 621
976 710
227 475
940 438
851 182
816 496
506 422
913 28
597 861
537 885
643 684
5 308
697 265
980 6
618 49
617 24
22 945
86 601
420 26
40 623
561 208
120 67
630 385
95 227
246 633
465 889
317 822
549 14
87 882
373 58
283 342
82 305
288 521
907 60
547 299
684 108
507 804
528 490
541 623
717 788
608 534
29 277
356 579
644 796
813 17
854 96
359 288
753 999
809 12
60 709
311 744
817 171
900 697
661 441
321 730
581 281
265 611
559 973
542 203
769 355
572 623
803 283
912 556
283 73
569 695
782 880
791 952
403 43
649 64
484 322
795 418
604 412
381 163
385 275
718 155
630 642
130 785
925 42
341 560
468 910
255 250
143 398
202 898
441 204
963 278
526 110
696 130
522 77
645 259
704 715
414 686
357 897
471 635
939 812
547 759
75 155
10 570
553 564
468 995
768 783
273 647
893 321
777 767
750 775
27 454
842 793
140 552
690 611
539 982
775 86
741 202
593 103
772 147
668 593
494 788
376 119
435 270
792 565
37 542
692 416
348 534
562 488
438 252
451 977
234 226
416 328
429 9
431 553
508 451
146 354
592 523
473 379
145 617
944 534
159 988
303 507
875 865
347 313
117 150
643 704
729 59
384 158
420 815
63 929
619 562
283 563
85 109
942 582
726 887
468 238
875 771
97 102
636 797
416 754
947 59
810 676
118 194
186 538
9 602
819 980
164 455
543 601
916 486
183 642
725 651
232 952
423 682
55 59
479 823
165 778
882 975
807 352
169 993
242 531
595 414
511 111
869 407
712 785
245 895
779 322
899 364
274 674
46 681
733 877
504 899
655 386
226 462
90 396
808 685
927 755
99 790
867 968
549 579
105 146
827 884
468 726
248 743
400 646
424 485
523 281
736 179
667 963
993 110
359 801
795 638
557 894
780 424
862 682
355 319
828 182
203 297
908 804
392 660
450 816
146 326
97 882
857 117
845 850
579 556
4 374
546 913
268 327
689 482
9 44
801 189
227 356
486 487
512 878
148 963
47 294
641 496
528 498
613 374
700 192
282 704
918 829
969 186
508 658
20 869
703 173
58 930
882 897
769 394
775 917
709 822
563 350
319 92
200 284
818 901
829 100
957 747
281 927
286 141
585 658
10 288
832 421
570 714
318 340
108 93
609 818
268 173
520 939
617 721
223 435
622 404
887 931
152 521
858 790
662 796
448 25
436 280
446 7
346 764
699 455
209 308
625 829
833 497
768 450
218 344
885 192
748 125
124 252
646 334
42 660
130 491
685 919
123 483
926 470
247 977
277 809
285 254
638 119
751 407
921 322
103 159
514 851
284 990
456 282
677 498
942 159
341 980
78 465
463 4
287 711
333 916
872 619
522 510
90 625
269 363
947 372
522 462
576 806
804 32
88 481
530 383
641 224
363 71
41 826
76 680
889 409
948 761
380 470
624 822
95 893
186 43
618 708
857 194
867 13
578 307
495 460
690 488
684 405
559 725
584 987
757 473
749 705
587 481
175 563
304 623
808 842
666 426
902 875
972 769
888 550
77 735
11 119
223 47
877 135
125 461
474 882
286 575
588 873
57 115
436 713
738 245
907 756
23 809
631 996
579 872
898 8
607 261
479 183
309 356
670 434
169 144
668 456
720 608
329 129
724 118
194 814
715 101
571 738
262 554
86 193
426 337
553 34
598 33
217 259
741 887
45 911
383 714
367 455
674 48
936 750
518 130
565 233
583 136
324 846
690 762
39 469
451 593
503 402
978 72
661 719
311 59
982 694
125 701
502 799
102 438
550 620
921 115
206 504
603 882
702 645
996 94
114 448
39 969
850 17
41 863
88 352
274 423
399 399
124 253
199 578
43 101
199 964
568 757
821 523
639 523
168 635
969 635
435 8
604 285
25 998
501 466
702 775
889 453
527 365
706 78
944 750
179 495
66 99
252 887
622 891
763 142
878 732
777 314
93 734
951 118
732 804
936 434
932 177
888 459
543 946
537 487
48 716
334 115
815 586
354 789
829 117
931 707
202 61
373 295
795 677
765 879
481 54
313 413
231 553
872 774
852 409
613 900
477 947
15 644
885 722
433 714
191 717
774 393
778 499
40 925
176 158
804 10
212 469
423 795
375 648
570 227
409 535
127 239
835 495
883 720
217 669
787 408
386 561
154 516
60 546
441 589
704 245
599 268
66 374
64 441
374 986
668 784
521 148
375 708
643 258
429 212
279 216
972 17
129 126
533 541
25 326
130 81
923 729
350 990
456 766
431 830
104 100
966 977
600 341
686 243
952 467
807 231
35 779
601 164
258 134
57 283
813 188
364 736
269 66
726 725
832 510
556 936
962 522
914 562
216 952
805 168
419 964
399 454
743 0
970 1
487 27
284 652
215 649
388 837
715 467
562 900
977 470
188 291
345 102
853 561
406 10
729 825
974 480
279 717
833 249
71 672
277 355
324 844
356 64
681 424
531 244
324 860
66 864
151 411
319 356
324 725
366 53
551 692
886 830
762 719
432 833
743 61
540 67
905 249
131 587
673 15
183 349
875 249
213 379
13 532
735 337
258 454
743 161
498 629
343 260
700 775
445 443
836 338
862 742
587 993
681 260
8 864
961 236
465 174
615 478
59 702
168 669
508 911
830 7
892 173
619 592
301 417
387 137
755 249
231 342
594 912
602 955
776 563
191 594
89 158
72 148
860 240
169 721
503 999
728 395
525 699
339 826
116 726
963 871
327 547
213 922
459 167
229 588
82 420
182 172
578 606
672 790
199 194
511 702
193 591
98 718
291 437
896 759
516 212
631 195
759 196
469 218
364 698
158 446
118 692
970 48
299 995
839 498
189 350
552 734
294 650
805 937
440 701
696 956
913 327
151 672
524 621
243 240
319 753
38 790
446 9
838 97
356 677
595 545
380 147
631 26
150 436
963 590
138 659
898 403
987 401
428 863
22 671
455 694
776 493
484 222
854 674
319 210
704 266
107 436
766 739
462 916
527 425
858 17
84 756
421 423
157 849
638 532
872 93
578 648
939 414
871 793
88 542
356 792
809 815
228 575
906 42
843 434
467 53
451 904
809 872
679 318
73 318
202 945
763 780
946 702
194 817
496 283
711 204
427 520
19 8
447 926
50 642
360 870
695 163
774 856
388 453
175 461
123 377
759 887
158 705
589 704
874 437
339 585
641 767
458 661
127 905
939 177
900 299
47 595
814 173
452 202
627 979
664 750
708 775
989 218
480 579
923 354
368 262
291 10
381 749
23 508
7 962
686 907
613 85
502 427
259 306
982 238
637 646
340 346
773 330
564 253
261 839
959 981
102 250
343 483
0 366
344 7
680 30
266 645
467 120
425 78
427 407
316 64
405 9
762 178
691 679
431 304
518 742
285 972
992 629
808 344
347 152
703 380
182 969
25 1
90 450
80 869
857 748
285 614
757 48
792 800
727 575
104 597
317 742
570 662
371 378
6 70
530 710
450 64
679 828
65 121
278 145
990 488
246 276
102 355
324 247
156 403
822 260
0 492
354 570
154 725
948 512
148 830
574 598
894 254
426 312
727 57
809 718
897 55
994 351
411 670
598 567
425 773
179 425
617 534
348 771
611 648
635 111
479 210
62 725
816 488
37 543
897 199
613 794
254 607
146 17
629 96
936 54
221 116
480 838
2 180
961 965
828 597
77 307
807 139
385 623
979 422
