500
306 573
795 977
688 831
598 990
666 692
314 157
654 436
725 21
214 928
326 319
999 720
417 781
632 350
365 432
902 367
44 208
940 191
538 980
23 136
970 41
828 637
198 835
425 276
856 639
556 534
959 556
254 376
689 887
78 54
671 980
421 715
189 713
259 727
693 634
215 15
675 395
4 225
230 429
501 86
421 410
620 380
318 227
108 7
466 186
413 137
167 186
205 708
251 464
787 296
98 354
311 773
749 316
350 980
97 852
66 518
614 39
250 932
266 710
291 732
897 704
221 416
242 426
476 493
890 615
789 988
969 452
113 718
120 464
698 218
668 117
88 282
508 339
566 774
49 857
858 298
913 79
66 155
506 894
648 748
509 789
737 478
241 202
197 362
18 247
932 686
716 20
320 224
711 238
350 113
95 208
763 8
640 182
515 146
76 515
894 586
304 983
416 546
186 613
260 556
213 192
243 281
564 915
506 276
154 856
741 601
417 504
962 57
686 477
203 763
993 449
701 297
785 117
195 971
83 807
879 648
999 122
929 916
390 435
192 896
644 285
497 61
789 459
470 828
937 25
591 282
826 644
931 611
761 127
934 196
934 814
844 286
288 774
202 678
561 746
574 557
31 424
970 172
883 440
0 172
817 943
454 644
587 386
255 701
865 190
249 151
4 446
437 292
572 991
323 133
737 897
43 120
673 13
293 909
806 645
81 623
589 888
267 528
626 523
581 843
65 831
994 69
277 784
713 849
775 36
334 865
286 377
985 959
743 630
868 549
276 302
172 217
542 440
745 520
315 327
363 380
510 709
801 139
845 514
988 621
551 674
838 837
404 175
148 147
806 369
696 434
671 868
3 565
660 748
85 327
427 800
707 289
861 508
428 707
375 416
680 926
443 518
115 847
45 263
994 851
632 690
637 655
910 640
220 923
741 657
250 520
809 958
810 671
818 238
730 193
7 410
471 450
280 586
297 325
202 643
529 186
685 166
842 947
159 414
870 252
72 473
772 881
783 582
904 601
173 634
147 180
44 970
630 676
557 279
2 111
274 531
297 311
49 491
258 560
906 481
812 330
954 937
563 737
519 468
690 44
454 837
224 851
808 206
527 717
837 529
828 111
412 477
774 462
969 33
22 875
514 187
557 820
124 120
557 995
940 247
40 395
437 616
246 245
823 125
314 660
7 494
124 419
971 250
233 940
283 608
167 149
795 76
969 271
197 878
266 137
126 658
884 563
275 482
160 450
608 826
462 615
320 938
386 291
189 620
584 472
228 103
974 375
180 295
646 729
174 264
218 300
923 103
215 550
585 727
0 545
553 814
512 225
753 899
868 942
519 452
766 99
908 92
474 440
388 120
169 562
384 739
214 659
842 781
209 780
508 561
677 413
376 190
638 129
441 506
423 312
311 189
411 571
282 885
11 670
357 532
584 741
271 150
401 466
931 962
598 791
524 275
204 900
817 194
381 258
700 804
570 363
993 333
934 627
218 297
649 927
829 585
21 453
735 774
919 666
736 517
457 260
144 13
512 962
207 893
572 260
697 143
623 43
476 910
22 47
207 672
326 389
257 347
194 993
121 113
11 858
982 469
470 478
482 983
440 42
228 13
302 926
508 925
321 336
835 343
735 395
15 62
784 625
409 978
970 883
443 333
741 777
802 563
255 637
898 48
31 127
413 333
405 921
258 78
609 446
421 345
193 789
407 329
414 168
659 736
51 454
69 144
231 224
708 838
213 958
238 244
437 651
577 842
924 187
272 886
985 694
231 178
483 990
507 249
158 518
337 562
972 406
706 203
982 766
394 195
725 984
439 514
988 368
709 912
908 981
150 893
675 381
424 510
723 283
759 882
802 96
796 774
855 854
330 837
621 76
385 698
60 176
212 48
545 921
313 805
255 463
698 930
197 122
441 920
758 552
154 560
649 950
334 856
805 16
693 778
92 430
476 153
607 40
201 504
314 514
309 569
330 359
851 527
834 292
447 592
845 602
152 846
904 838
702 709
855 747
487 299
530 315
452 137
356 6
993 22
872 302
591 202
13 794
729 847
87 529
439 284
131 943
482 35
134 536
97 341
283 584
640 165
252 445
302 960
451 647
982 323
301 925
878 315
719 607
162 158
136 954
442 619
249 276
7 735
812 104
76 96
40 69
261 292
514 916
252 317
563 586
640 865
863 870
532 935
830 694
93 966
0 888
938 250
164 945
337 977
401 414
425 441
483 38
86 349
306 338
666 222
277 658
439 140
529 971
427 359
17 521
677 18
