500
556 289
435 368
666 319
214 273
132 585
64 943
869 956
50 298
112 218
5 649
603 936
515 385
671 776
137 886
4 563
718 913
204 153
281 870
473 495
144 605
432 208
548 653
517 950
951 629
520 957
630 476
893 498
861 917
626 998
803 631
913 521
544 470
27 825
340 500
672 836
105 104
397 6
110 914
308 61
895 829
18 878
305 264
376 518
181 354
517 336
985 782
857 881
252 236
706 945
736 730
781 194
187 178
552 297
444 860
358 340
41 377
218 698
993 946
217 174
300 86
862 638
868 71
519 473
308 578
770 44
308 551
238 847
82 790
144 878
3 855
218 44
584 788
95 577
86 312
751 739
398 613
729 618
684 248
443 344
178 213
389 839
117 979
686 551
770 183
429 125
38 0
169 622
140 264
199 227
928 302
318 678
267 47
297 303
647 92
648 826
306 37
17 775
368 55
678 490
238 107
615 628
459 137
250 600
401 801
179 682
455 849
360 722
896 9
378 895
102 26
73 760
415 90
887 783
146 565
626 736
672 241
365 484
378 967
84 132
769 615
814 224
464 526
299 712
536 677
607 990
55 681
750 822
123 637
957 269
202 583
358 226
825 723
710 203
690 146
687 459
761 501
36 225
380 335
937 916
364 897
906 771
578 8
593 701
645 550
323 199
486 681
777 663
404 488
218 446
634 906
258 748
759 294
325 139
981 615
55 697
512 313
468 90
321 61
143 318
963 466
517 801
499 295
464 255
135 683
702 121
589 960
869 348
606 547
840 587
162 247
636 674
561 104
116 234
517 259
553 480
78 70
634 577
717 98
833 852
781 887
326 722
847 195
423 805
742 263
744 256
510 380
930 423
484 46
658 1
658 211
833 736
633 467
665 351
918 850
555 699
737 881
774 936
429 197
741 523
460 485
780 322
865 62
746 701
461 404
702 119
967 888
207 600
707 224
303 625
75 211
677 164
444 451
101 225
648 194
749 460
680 881
134 897
943 232
951 756
636 653
875 955
893 434
908 601
659 563
578 86
126 255
250 571
706 703
796 706
898 897
518 930
778 5
827 74
237 778
830 226
784 58
181 29
492 89
982 503
5 561
589 131
816 840
702 875
543 851
933 793
748 804
723 879
809 903
305 46
33 135
272 817
545 454
199 390
895 181
893 252
742 835
384 911
27 438
138 922
289 71
716 390
875 791
621 36
694 926
83 728
413 355
897 311
161 96
701 409
630 946
661 372
781 397
635 160
836 773
83 477
197 151
219 424
942 840
461 989
118 544
717 532
251 614
195 765
63 896
174 693
194 187
417 976
585 53
488 773
178 923
602 375
426 822
800 369
14 613
710 133
509 427
17 112
393 212
877 808
460 403
501 654
943 271
982 528
324 471
653 854
746 255
230 173
77 382
894 444
995 604
577 856
383 946
968 776
158 846
937 970
601 438
624 544
61 607
424 385
430 77
240 176
685 822
701 762
556 595
206 551
551 135
759 934
81 727
63 591
573 0
561 175
790 538
71 852
497 496
589 279
925 181
807 610
3 509
373 911
456 931
462 8
419 221
942 852
301 357
444 874
357 357
401 500
247 473
352 744
321 293
375 246
475 183
857 830
44 582
742 500
865 556
508 284
130 803
137 431
160 933
657 870
642 59
370 890
884 74
986 557
367 362
803 194
545 12
25 941
946 119
441 812
675 302
448 805
105 585
588 617
870 246
487 513
657 209
403 893
635 741
450 355
103 605
549 0
618 926
941 564
45 383
728 73
37 177
230 142
762 819
759 985
417 599
498 74
160 253
967 796
994 417
151 450
374 52
450 992
331 744
909 728
479 637
801 516
814 32
10 929
203 121
914 620
720 764
46 233
369 13
29 715
782 532
165 156
936 968
501 267
712 762
996 543
399 797
59 566
181 421
847 736
542 113
708 263
877 754
496 598
119 877
313 901
761 479
410 697
447 263
965 511
25 961
406 776
110 817
342 644
238 189
380 780
302 89
395 531
195 243
129 315
120 443
568 881
274 330
931 721
593 896
584 970
209 990
747 319
807 441
963 397
631 696
177 285
137 573
169 332
168 650
999 289
93 568
522 367
898 453
440 844
701 376
814 910
718 561
582 877
3 897
274 986
593 804
623 82
729 792
767 897
443 766
538 888
686 413
608 585
866 400
429 920
129 595
830 847
509 412
725 512
310 351
850 255
155 825
690 236
618 457
134 413
223 672
653 910
85 261
847 304
14 628
224 143
223 406
990 732
171 67
596 833
771 798
88 278
624 778
