100
240 301
479 884
856 623
905 270
981 371
180 828
597 747
490 301
180 538
310 943
294 741
212 415
306 413
451 617
907 524
46 148
177 525
384 33
148 642
656 481
13 836
309 962
936 151
264 116
690 574
411 336
667 623
104 973
388 907
590 296
431 988
796 609
865 532
994 13
174 650
846 187
839 155
150 775
307 766
243 349
340 654
37 359
630 141
332 18
48 275
666 832
263 462
793 129
347 787
494 521
790 693
61 629
848 563
756 507
329 351
208 21
5 246
380 635
739 712
6 788
339 672
620 955
487 765
436 834
552 930
707 342
975 768
323 824
331 431
683 12
782 892
33 788
490 413
775 229
478 781
369 817
806 341
124 293
106 560
127 11
843 186
353 818
955 29
994 638
460 678
651 243
922 684
383 764
450 158
993 280
292 715
449 98
56 574
743 515
134 222
526 977
408 879
796 363
908 790
354 721
