1000
799 11
60 543
900 193
554 838
2 464
14 986
711 209
385 389
648 709
340 981
846 481
770 172
506 499
621 947
253 62
878 404
426 938
299 326
483 205
517 837
669 531
824 732
92 561
474 92
622 814
73 468
647 844
640 505
695 613
804 300
676 682
704 454
972 4
132 455
209 649
645 231
532 821
963 977
734 789
69 356
603 495
824 602
691 816
460 386
429 264
39 457
299 743
263 623
99 396
431 661
397 76
892 930
897 207
259 631
997 328
987 952
175 163
555 866
979 367
605 760
631 644
218 282
739 833
906 839
229 337
500 979
413 392
261 662
951 520
293 948
848 632
253 376
795 160
242 126
527 847
238 510
843 808
793 583
642 699
774 223
388 274
202 801
18 463
463 321
983 108
270 184
740 875
560 887
35 154
365 562
354 603
72 197
412 865
132 406
916 906
629 304
532 832
457 550
295 272
872 631
380 494
815 472
369 375
359 756
529 724
318 235
680 742
433 92
960 565
850 876
472 479
533 4
311 342
907 959
615 131
590 347
625 757
820 346
132 179
102 13
256 772
249 936
514 34
28 826
951 878
55 423
709 588
780 373
282 39
332 897
170 274
245 147
31 417
845 515
596 299
880 852
71 481
788 937
515 168
764 467
398 819
242 460
759 374
833 393
413 165
643 935
439 888
82 470
657 279
337 253
578 217
458 1
699 246
291 214
767 407
33 517
578 276
977 689
2 810
82 416
327 725
351 766
965 786
588 622
417 925
876 996
495 334
349 194
932 640
408 51
47 794
569 625
422 898
314 424
709 397
840 36
474 544
155 440
682 95
62 99
373 290
447 868
976 797
414 261
789 174
312 837
968 233
814 390
132 481
815 193
230 7
581 704
903 88
144 937
536 559
389 261
849 836
129 178
985 895
439 775
69 751
964 38
337 778
780 821
611 947
14 841
955 947
898 210
36 394
148 572
953 537
833 155
725 314
333 711
561 772
486 630
875 450
668 564
580 801
385 192
748 751
385 55
699 283
266 735
678 766
659 983
655 844
138 380
510 823
443 71
947 929
701 175
731 722
739 664
523 125
208 623
876 593
679 575
229 945
662 259
63 673
242 718
869 733
450 379
908 894
802 856
175 856
31 259
930 122
275 453
247 483
76 476
428 107
403 9
52 418
268 467
91 863
185 961
948 988
692 856
234 847
64 761
703 95
20 633
570 647
438 817
130 866
645 911
974 49
272 378
467 893
846 910
756 383
871 56
723 916
912 957
763 977
719 466
424 91
451 994
739 241
164 221
107 809
484 433
210 757
812 29
650 10
940 758
745 163
814 469
79 726
778 842
55 497
660 480
941 463
826 680
704 990
253 164
152 738
597 362
847 761
392 497
123 332
607 869
495 421
338 927
499 116
121 555
966 134
387 259
597 213
939 654
556 544
818 708
634 767
422 481
529 814
330 652
498 937
873 346
710 563
273 210
680 746
117 998
880 856
257 830
421 548
484 977
444 654
37 79
421 460
560 302
626 243
955 125
532 828
471 243
392 96
805 424
842 922
774 75
130 383
905 551
283 741
529 727
395 918
806 816
378 719
119 5
962 426
482 494
606 953
89 350
401 894
126 243
168 900
670 298
635 575
850 918
316 731
646 63
649 804
880 380
523 351
385 837
129 867
684 735
172 125
86 573
20 564
168 540
817 839
839 452
766 41
723 435
124 369
498 773
525 730
153 401
433 890
590 562
109 274
298 281
752 736
206 124
300 727
664 117
918 855
922 684
248 645
471 372
366 970
146 891
52 651
292 486
542 235
48 651
861 698
285 613
434 843
737 87
570 402
204 488
609 126
525 858
771 996
230 489
318 376
381 723
380 25
209 274
260 609
925 122
308 562
735 742
406 825
181 328
227 386
817 188
864 694
46 988
690 277
477 361
5 858
84 737
236 645
11 848
254 289
970 562
851 58
657 609
883 838
938 462
576 107
650 441
801 49
429 843
678 258
556 35
469 640
773 705
285 784
553 892
73 876
806 277
934 463
238 169
654 528
631 582
635 633
375 788
682 156
984 360
415 540
396 884
533 521
589 818
305 494
62 731
370 869
360 304
684 598
825 690
127 456
273 114
442 648
255 124
805 239
837 572
779 233
456 312
106 397
483 411
891 545
494 614
766 854
270 451
453 96
141 580
904 766
46 346
415 301
471 572
540 308
144 672
893 952
336 999
701 171
762 944
69 257
558 835
111 829
286 564
277 780
496 181
546 543
528 961
196 351
885 737
11 381
761 904
685 97
255 386
269 369
331 338
626 241
173 90
422 812
6 699
592 855
881 138
750 761
452 946
112 689
35 123
423 796
379 108
894 986
847 515
355 178
853 334
771 378
776 194
542 782
893 486
637 126
625 739
887 429
686 351
470 721
826 893
518 205
2 764
543 849
279 251
379 484
585 502
214 713
696 757
847 942
243 837
420 220
576 660
1 262
11 472
336 838
717 854
395 719
970 939
920 601
190 651
85 127
154 651
840 202
408 39
144 4
876 565
576 453
225 578
715 588
402 403
778 119
609 174
191 579
465 463
180 7
467 617
134 621
269 326
175 29
365 672
385 594
589 962
47 166
892 114
754 294
518 533
765 127
59 956
707 876
772 239
883 239
857 369
212 478
47 387
859 764
59 245
358 648
207 405
814 451
520 921
97 390
806 862
517 217
171 576
93 943
816 976
182 25
345 394
855 392
781 714
156 193
959 867
193 518
272 8
321 144
281 418
534 87
281 52
304 452
980 397
747 796
725 929
173 422
323 380
814 456
95 322
1 406
189 195
277 814
203 598
958 836
17 845
923 650
249 579
454 229
328 201
378 53
130 551
475 805
284 641
613 731
315 615
137 857
810 766
23 365
717 333
201 86
178 476
736 427
407 190
657 735
743 35
140 873
938 967
30 222
960 995
953 627
610 443
484 772
209 507
489 278
193 690
364 371
518 100
151 925
642 808
12 385
195 152
610 133
471 992
708 431
988 661
59 950
456 895
75 666
755 564
296 948
607 661
671 125
113 822
403 756
630 415
493 177
920 456
311 391
800 19
175 140
32 586
91 489
481 518
507 588
82 803
888 689
816 560
167 930
382 570
38 365
337 531
542 257
339 205
1 140
576 176
280 609
114 723
450 947
593 309
536 676
464 424
717 281
984 236
211 719
158 249
84 496
132 978
753 824
184 754
316 760
282 948
721 396
672 523
344 617
832 232
293 649
656 363
930 993
951 493
712 110
94 148
606 578
126 359
402 310
466 718
423 100
667 144
497 691
668 193
308 852
425 954
501 433
669 783
426 620
628 490
730 722
990 336
653 117
48 407
779 866
478 202
966 497
699 815
540 367
360 848
571 785
154 425
571 175
208 349
796 837
840 878
911 830
567 916
299 967
324 79
833 802
633 151
651 332
319 191
51 679
391 975
817 546
400 740
73 608
89 869
797 929
100 61
112 667
977 763
634 653
194 819
807 828
970 458
512 641
649 564
673 41
539 842
939 291
582 364
899 671
586 49
953 686
110 65
353 439
180 987
93 375
158 900
203 480
711 715
122 360
631 795
753 522
989 44
813 571
409 65
242 347
114 195
33 576
612 386
15 793
725 460
168 883
361 723
363 72
790 837
784 422
984 890
296 973
286 110
544 47
527 787
394 993
334 427
569 947
165 936
92 890
397 612
125 110
335 841
182 477
678 318
899 663
560 548
636 847
10 533
894 537
672 641
530 6
68 451
305 234
387 397
476 784
9 954
894 696
795 428
174 473
99 425
488 659
973 477
506 335
10 753
872 682
394 754
688 814
205 994
400 593
743 229
729 105
183 976
801 978
756 327
803 855
105 292
515 430
769 373
766 131
478 638
165 224
745 205
39 950
199 791
895 295
20 625
400 203
953 553
533 709
881 337
917 338
629 784
768 750
157 534
233 988
525 398
212 270
603 603
220 155
395 468
450 767
445 202
971 398
755 504
459 988
193 376
326 174
160 95
924 670
981 509
658 506
907 222
776 863
826 349
18 573
817 820
340 262
22 663
660 129
168 471
118 713
848 796
888 360
891 812
30 873
674 40
731 581
263 860
796 441
209 814
366 26
986 706
640 360
370 652
490 890
123 608
603 971
404 491
684 648
656 714
873 330
107 956
263 722
816 60
163 25
226 529
403 213
587 43
573 957
695 63
199 171
23 803
494 780
646 178
780 302
245 5
984 352
961 248
74 778
660 589
803 886
470 559
451 409
602 377
719 650
792 918
821 168
73 315
300 720
846 80
374 91
437 711
795 398
311 869
176 971
810 332
209 632
243 13
41 197
390 760
847 534
31 20
702 104
688 2
176 534
434 903
977 871
614 772
622 277
993 150
248 155
834 809
787 77
822 180
275 564
293 474
99 676
495 153
132 535
508 309
421 294
564 398
166 530
522 140
807 515
290 407
670 125
216 809
202 391
341 829
307 634
304 758
662 151
264 795
686 772
456 459
66 20
857 584
902 379
724 709
246 15
468 916
492 36
77 46
427 418
876 87
