500
861 477
71 113
614 117
513 273
818 906
157 316
377 170
860 39
875 367
688 294
124 919
411 514
12 222
630 41
668 958
286 881
787 709
994 402
179 507
675 349
765 833
17 142
355 878
533 230
245 573
877 721
492 288
235 857
510 217
250 531
176 888
412 315
597 759
717 776
618 745
477 384
930 495
878 285
373 764
867 618
337 744
691 182
384 926
391 895
495 993
778 23
881 542
339 830
301 56
607 920
801 436
656 731
931 534
368 304
650 236
274 340
332 965
874 717
243 265
964 739
258 94
762 491
636 101
321 938
510 280
210 311
717 866
395 648
752 763
305 403
351 931
743 684
249 617
753 844
234 717
935 844
811 50
335 799
503 8
737 13
289 299
325 358
517 72
358 270
835 663
25 187
947 120
223 196
89 976
40 323
45 976
519 208
26 206
7 529
214 97
895 855
396 572
213 914
644 572
536 479
587 561
18 534
33 593
82 122
569 475
445 966
451 964
526 829
170 534
710 736
983 605
592 731
529 157
645 173
81 533
5 669
446 23
555 479
969 638
601 890
465 398
857 268
714 383
97 236
269 159
325 252
117 917
984 646
426 981
172 508
867 177
177 313
552 84
145 521
74 98
412 539
849 621
807 563
356 256
152 626
416 477
230 885
746 566
883 172
900 55
680 119
232 209
784 137
294 929
658 368
380 422
260 229
43 67
144 400
324 296
378 92
773 960
977 871
879 860
44 779
268 724
898 500
934 682
637 580
964 648
300 344
70 560
573 466
628 717
218 304
366 596
396 491
908 373
363 787
585 407
566 853
483 816
706 769
851 695
349 815
695 2
511 766
562 84
584 542
153 802
846 519
398 242
363 306
967 726
94 905
133 12
110 968
181 168
738 32
864 439
847 559
441 358
677 4
794 261
898 299
63 745
171 813
339 534
472 307
260 918
564 745
282 674
713 463
843 451
495 59
891 694
618 332
404 648
688 550
909 587
850 325
684 21
138 23
907 610
682 167
880 246
264 163
921 977
626 116
781 474
175 672
168 145
356 925
793 397
475 55
336 677
380 20
50 870
395 957
481 78
124 713
676 388
876 949
718 855
65 499
329 592
523 849
738 231
774 883
628 602
938 316
279 670
688 330
541 84
287 374
514 764
87 190
504 316
140 222
171 557
73 852
502 596
701 592
828 828
475 808
430 766
477 61
788 165
391 329
601 31
703 115
147 143
658 651
811 798
226 982
707 651
186 209
248 239
801 428
67 629
588 849
747 65
911 535
231 654
865 832
37 920
300 184
63 958
188 874
108 414
208 815
65 746
377 665
986 530
445 405
159 34
607 906
99 870
794 682
524 659
867 914
931 167
98 995
125 286
221 233
52 782
400 470
528 129
487 866
660 933
272 171
967 879
430 418
749 224
453 625
235 320
539 166
487 990
513 964
628 87
549 33
869 301
503 749
431 990
968 443
275 240
966 594
471 396
13 572
620 466
549 855
138 441
374 625
783 887
941 411
974 490
444 195
143 299
945 926
642 265
369 917
857 336
512 328
84 877
252 705
695 153
912 833
946 638
810 729
526 751
493 500
593 289
48 88
589 345
15 583
610 384
852 467
72 716
147 157
593 399
214 288
904 478
473 851
117 283
580 643
386 73
495 331
363 543
420 304
888 435
887 850
171 91
317 244
808 464
753 753
215 967
394 120
445 867
971 914
503 903
557 241
977 405
573 692
300 345
348 541
132 235
391 303
678 61
899 486
525 4
240 741
971 634
213 769
853 184
35 356
87 945
598 416
350 523
460 2
868 808
543 352
43 287
7 74
348 907
560 873
263 152
966 587
786 179
356 992
715 743
348 155
688 298
571 390
821 32
393 41
840 288
745 236
575 753
310 275
12 222
501 275
375 467
862 513
999 570
857 714
314 206
221 2
856 793
393 30
177 138
71 369
426 169
605 354
922 267
629 934
842 130
209 569
950 424
434 949
994 292
15 660
850 237
15 706
382 760
736 559
898 160
280 324
329 238
30 251
505 660
537 699
790 98
268 92
522 703
393 869
347 409
529 197
998 544
903 732
304 640
643 202
800 923
879 481
161 909
732 19
921 269
718 712
367 339
156 242
42 550
111 741
311 992
938 309
537 841
41 193
833 36
748 985
959 627
466 121
888 550
140 810
171 210
874 891
549 30
133 943
580 596
684 891
588 622
552 125
816 945
671 1
981 419
987 941
398 805
414 286
356 906
448 527
116 322
418 666
705 903
609 637
499 294
881 88
268 433
565 436
