1000
790 779
513 398
604 141
803 570
268 855
138 283
994 147
433 553
216 500
691 952
237 517
171 346
716 718
847 840
654 836
56 444
616 921
842 572
414 997
494 682
204 985
966 550
132 399
104 700
252 147
4 841
665 527
540 733
245 387
573 899
223 982
695 191
903 889
116 318
238 610
0 794
595 318
344 79
70 800
131 674
948 135
515 965
662 55
698 259
794 623
158 370
605 205
913 861
446 29
179 36
640 531
830 587
202 527
19 624
327 150
298 275
286 165
592 300
573 642
560 719
266 70
89 223
628 355
84 74
384 615
463 376
499 645
316 701
172 335
677 852
485 327
479 123
492 72
424 417
714 984
137 332
406 226
556 34
581 992
461 318
608 924
46 459
569 362
512 94
697 189
946 183
516 425
306 360
849 82
778 564
418 915
248 825
493 804
859 427
149 672
97 109
596 143
568 518
506 80
612 203
269 910
386 137
687 45
497 537
479 627
453 898
542 701
723 388
506 934
815 7
959 912
116 907
55 684
425 913
764 389
117 385
299 855
522 987
252 371
876 732
999 329
630 893
30 705
281 888
991 448
895 950
712 11
858 120
695 635
33 811
25 150
548 676
6 70
15 258
794 891
990 145
572 972
38 603
677 320
843 21
768 739
971 833
102 181
953 150
817 986
961 194
137 510
222 495
932 590
753 78
481 96
223 406
420 262
9 450
934 204
471 54
943 794
887 46
976 840
548 145
827 509
691 316
371 913
811 656
503 564
734 337
12 958
743 433
572 104
883 506
308 706
560 604
500 800
2 828
640 550
973 819
411 664
135 783
930 946
439 433
863 525
122 875
835 865
660 407
321 543
913 982
601 826
586 102
626 588
930 618
490 256
438 901
272 573
36 202
520 475
988 383
353 462
610 188
328 271
596 1
166 861
983 768
39 921
870 665
509 152
636 351
408 74
253 33
647 289
235 519
117 575
902 470
38 513
658 718
136 606
71 302
468 55
70 507
976 292
525 838
445 161
189 205
235 794
238 234
436 826
754 905
401 8
375 791
521 385
861 9
344 933
312 812
988 382
671 316
675 196
154 472
709 696
677 296
842 916
531 278
742 637
535 495
645 910
639 519
648 500
528 992
433 840
156 421
575 179
90 602
728 596
74 437
292 103
734 487
19 617
117 113
254 653
609 899
915 600
418 563
100 299
907 534
491 415
307 66
595 397
20 323
994 94
112 638
198 846
125 569
815 243
683 69
896 644
969 811
244 739
727 696
390 986
230 882
754 538
948 349
287 969
24 633
415 136
272 965
335 749
535 150
344 570
572 592
566 541
756 162
632 483
858 23
821 441
905 575
331 205
276 618
526 652
252 942
141 876
907 476
977 794
978 322
716 550
914 634
443 22
796 428
857 7
803 679
448 60
606 779
265 883
397 792
535 1
734 676
229 993
504 207
140 835
881 856
737 147
491 533
170 639
961 27
646 764
706 446
176 313
225 441
548 975
233 83
328 319
112 558
665 968
117 157
803 998
365 541
145 856
426 315
848 387
343 846
503 401
293 679
66 518
472 614
845 58
50 174
377 162
84 394
482 201
551 286
551 917
179 48
125 605
364 325
344 59
172 199
812 465
878 879
335 702
493 533
760 895
59 490
409 143
884 892
696 788
530 247
57 709
647 534
666 11
860 10
422 32
561 235
849 439
466 536
493 311
421 254
207 480
744 616
975 628
508 671
768 390
270 825
99 918
712 117
281 572
479 704
956 40
291 157
831 757
45 325
68 467
579 627
947 323
244 923
303 104
946 424
495 217
601 946
487 313
416 768
237 895
824 193
936 467
702 119
224 748
444 645
567 375
624 866
50 868
141 706
325 88
130 172
657 731
470 144
397 886
264 634
782 89
180 70
908 882
189 485
630 986
130 549
361 754
416 412
975 557
118 652
997 600
824 654
331 294
150 80
533 415
715 315
856 895
737 764
129 926
601 112
264 731
661 626
838 77
390 165
987 508
169 984
460 993
639 143
639 141
224 172
556 291
839 764
538 576
881 667
855 482
779 119
566 793
97 756
222 487
273 209
347 442
194 807
787 833
951 778
974 527
951 883
818 142
999 356
71 232
375 926
67 155
397 633
300 847
741 522
686 366
732 34
808 926
193 947
111 496
725 437
23 28
672 193
171 24
549 242
256 925
520 323
432 269
308 732
116 401
606 803
767 338
189 927
616 734
874 79
231 600
517 606
980 541
800 151
565 701
745 174
978 617
849 410
887 158
494 355
911 453
510 679
791 699
958 760
786 833
839 17
785 708
975 765
250 127
269 167
829 14
341 807
632 191
570 871
701 416
578 964
869 89
643 13
140 954
773 926
787 612
295 924
321 271
689 923
398 958
90 579
325 784
739 309
975 309
532 28
77 110
992 947
199 988
960 340
942 85
266 81
697 914
5 370
185 694
645 935
5 736
867 682
872 606
991 847
267 523
227 344
633 219
291 185
559 603
877 501
688 495
582 738
409 587
460 946
634 106
234 991
194 101
673 66
59 16
265 326
891 492
22 876
63 666
61 623
269 938
124 310
434 59
48 843
998 860
142 984
318 376
975 512
829 0
930 888
368 195
566 259
39 588
136 103
254 197
726 524
488 202
186 274
613 586
469 612
446 611
596 765
987 924
629 816
276 560
56 645
107 622
904 147
211 392
602 817
942 680
693 430
234 879
56 848
465 525
460 264
489 408
29 476
684 658
645 313
570 53
958 678
676 214
825 239
607 427
56 549
459 102
331 693
981 387
541 799
264 353
63 753
114 444
582 150
102 579
463 673
632 773
351 660
340 528
251 299
307 660
848 766
762 531
811 95
270 353
894 886
58 309
640 172
753 574
323 856
505 138
881 137
912 584
150 604
112 401
903 771
61 103
889 175
634 700
271 256
53 517
142 112
827 134
636 580
60 311
788 565
450 669
55 714
605 205
318 69
958 221
840 372
324 729
899 310
782 170
918 187
688 412
651 867
547 288
447 959
599 588
525 401
257 580
115 215
137 433
284 447
6 477
171 682
558 71
344 340
593 262
528 281
675 179
500 574
819 948
533 419
536 58
820 145
990 288
712 479
73 997
927 432
474 450
114 32
521 459
725 115
73 253
748 748
784 249
322 604
549 208
375 437
266 547
934 609
835 647
88 261
644 367
693 470
818 159
854 691
618 579
158 44
184 259
792 969
508 467
925 409
27 300
846 293
199 780
254 35
779 343
648 775
62 341
245 232
500 100
276 471
31 434
867 216
693 659
537 553
478 462
962 505
114 160
151 313
293 405
700 72
100 348
848 515
41 93
747 894
545 23
717 929
810 584
145 503
595 34
57 74
496 371
931 610
532 434
923 825
192 624
897 644
324 745
159 366
191 259
612 88
634 329
17 796
913 514
300 508
548 709
934 396
432 218
6 964
652 282
789 196
258 39
841 934
136 352
300 679
963 912
768 950
593 137
746 506
4 398
367 552
107 301
949 540
871 307
856 524
941 998
72 199
37 913
134 173
618 786
205 581
51 325
531 644
462 278
503 466
676 870
371 136
523 672
28 395
331 884
919 273
882 343
824 271
257 310
797 875
97 2
808 500
327 340
496 141
970 999
608 646
869 331
134 393
3 162
788 334
399 59
959 281
402 784
905 11
94 702
238 543
704 47
395 383
387 892
524 709
891 484
355 113
815 842
858 170
4 998
857 403
409 816
37 163
600 942
175 47
644 765
590 700
812 986
83 551
230 607
260 473
92 968
586 259
810 796
430 166
794 287
570 203
103 959
367 56
253 894
103 897
659 45
949 824
31 384
375 613
991 988
87 435
956 25
695 118
822 477
284 616
116 854
172 219
165 539
627 418
785 730
667 796
776 968
620 159
352 996
773 344
336 860
131 292
885 178
410 59
655 694
676 771
901 848
343 418
739 970
189 876
53 856
672 181
825 293
340 177
641 465
873 977
677 5
621 563
535 383
974 543
429 650
314 682
850 9
101 941
332 290
169 385
498 842
566 675
487 258
853 128
724 78
457 401
435 430
316 971
165 291
514 594
293 180
277 144
190 730
437 874
372 607
611 870
801 177
546 288
787 751
768 511
829 225
265 617
7 933
588 172
224 454
118 870
634 747
366 176
477 803
50 201
762 661
424 563
190 322
851 978
73 619
841 254
196 458
871 555
392 811
727 968
265 846
838 900
593 204
76 423
360 479
624 122
140 48
38 683
722 889
13 795
861 854
402 409
665 625
965 57
437 44
377 54
242 216
306 188
772 735
611 132
214 587
255 706
988 645
389 710
534 402
858 747
609 612
509 626
237 826
683 26
870 412
81 465
628 387
653 401
122 616
885 688
203 492
395 543
137 136
254 24
891 464
771 500
76 632
126 313
458 161
692 681
573 773
146 554
512 799
307 635
415 544
675 970
37 70
514 174
559 120
550 450
936 674
302 12
306 428
677 765
941 369
446 866
494 944
772 7
743 431
994 510
976 669
480 13
92 346
539 651
466 90
101 754
764 403
766 70
183 796
187 476
