500
202 830
741 483
592 807
865 496
231 933
166 486
283 510
575 755
923 301
109 145
641 155
691 909
484 79
588 254
123 302
699 325
484 792
161 77
951 26
573 182
960 92
21 595
954 596
350 877
249 811
375 890
966 66
799 802
497 739
56 620
394 107
946 878
899 459
955 851
485 881
385 797
325 406
392 279
2 94
508 603
905 883
493 223
302 645
25 799
384 82
772 778
189 70
9 441
529 316
644 14
197 29
164 522
436 556
153 790
651 14
394 908
897 887
132 551
532 509
351 269
591 475
399 133
545 760
926 426
77 570
440 274
599 956
149 387
513 654
178 516
668 572
776 566
811 908
117 696
770 820
317 713
647 68
846 192
829 124
618 906
694 411
532 646
367 681
385 232
688 563
100 356
487 877
274 651
137 744
347 259
916 664
973 564
732 171
756 913
296 727
819 342
490 352
340 857
385 726
442 73
289 894
430 129
123 56
780 613
800 127
872 717
143 845
633 227
17 741
141 313
468 312
7 310
664 348
520 402
74 962
475 715
208 257
844 332
314 976
945 466
455 169
535 598
15 168
178 384
262 671
697 730
983 56
393 0
404 913
402 478
875 229
546 435
487 742
767 153
719 64
619 174
234 507
125 249
27 655
633 289
326 682
372 661
90 765
661 495
678 415
325 905
645 871
340 484
966 460
637 685
524 608
211 758
115 688
359 495
343 344
784 21
378 156
683 469
921 696
964 951
112 289
856 109
513 549
593 831
9 230
516 533
190 79
644 658
768 3
153 463
348 937
485 726
446 520
195 719
216 511
671 680
153 879
789 18
780 382
849 789
964 365
675 507
796 319
165 564
674 318
380 22
607 217
101 405
737 296
477 305
160 148
986 313
379 127
331 160
862 180
301 826
897 976
333 693
647 850
610 322
520 990
696 480
207 797
885 296
446 362
601 606
862 939
919 594
419 250
106 281
782 407
459 679
736 145
372 383
995 982
57 516
324 754
996 883
551 233
179 349
948 133
955 810
72 874
756 491
476 862
124 258
270 584
937 358
729 662
93 724
644 151
592 321
257 940
204 160
526 384
510 474
869 465
636 941
692 393
785 520
255 261
779 525
845 68
235 574
82 329
651 79
480 595
400 737
888 604
897 414
340 759
888 209
225 524
503 269
917 640
789 525
901 920
50 747
989 638
673 71
967 676
150 799
624 902
888 512
507 137
926 199
897 166
409 122
690 912
743 960
552 532
485 805
453 887
552 794
525 578
217 492
254 720
643 878
622 531
390 481
669 668
681 566
834 442
40 877
354 783
837 258
315 674
63 768
913 968
914 439
546 132
283 152
852 927
31 474
810 773
308 479
442 989
45 628
431 85
505 137
868 694
747 536
368 162
656 634
482 571
73 28
703 708
181 907
987 564
733 798
337 41
277 131
382 675
760 813
760 265
302 981
312 401
517 32
564 173
666 46
744 91
427 799
800 960
706 139
524 792
289 213
833 919
345 216
594 457
381 706
74 36
687 386
437 204
419 353
730 85
752 826
177 179
626 329
139 684
820 15
476 110
228 662
29 573
230 975
30 611
681 457
647 721
843 437
277 262
790 7
700 542
834 877
73 812
558 564
496 378
579 325
840 808
339 869
733 569
196 116
180 230
573 180
951 416
969 228
31 759
236 83
654 422
312 727
234 870
292 82
248 223
407 89
31 98
310 117
667 859
233 200
89 158
380 40
926 701
620 309
460 208
392 466
630 704
546 216
574 838
299 175
413 58
616 797
157 926
914 824
137 499
24 226
657 756
618 935
457 591
245 270
799 637
88 782
694 634
998 268
824 297
795 238
708 411
35 865
690 301
41 827
800 418
406 809
526 24
96 336
967 341
958 767
331 46
549 25
681 547
645 857
197 441
95 257
852 482
474 894
783 515
722 935
285 128
744 812
504 193
500 472
534 458
591 217
856 492
242 889
39 240
747 588
681 842
845 885
677 319
780 460
187 854
396 824
334 492
988 190
685 488
14 572
298 605
789 155
97 384
44 489
624 143
429 657
338 275
894 15
946 26
475 485
880 223
310 566
68 298
757 753
787 771
677 85
377 467
592 826
203 989
315 827
132 745
836 470
372 730
485 670
757 313
156 989
536 466
556 604
764 665
710 903
436 739
341 165
558 285
992 761
274 307
940 407
404 776
877 128
859 715
799 968
28 955
309 916
773 865
873 889
530 583
793 319
674 486
484 233
771 476
994 46
136 935
805 892
63 34
21 922
749 820
242 129
127 552
46 900
