100
572 524
749 613
569 800
713 107
574 617
271 624
116 573
717 358
220 894
686 945
641 708
851 860
780 697
799 782
971 170
960 543
47 61
508 968
213 221
75 787
191 698
764 307
271 481
18 843
375 704
789 16
764 992
877 545
41 28
327 12
551 287
555 598
700 416
918 914
637 345
701 828
395 817
488 19
299 506
862 26
562 3
395 327
996 272
872 37
652 199
402 203
838 309
153 890
725 71
804 363
416 858
543 812
675 31
831 326
889 693
353 452
49 748
779 45
372 651
434 24
202 836
228 392
498 381
282 223
805 87
586 221
297 482
33 972
513 216
299 403
262 4
855 311
752 986
708 476
989 494
500 191
683 80
935 181
814 217
404 619
656 343
840 953
825 226
926 338
442 577
93 56
581 300
367 685
286 427
161 275
922 661
818 605
94 753
786 908
323 190
527 979
885 367
933 710
945 211
401 740
