500
561 822
918 786
879 211
265 578
881 41
893 309
479 319
76 1
664 557
748 858
202 210
55 474
978 734
939 685
213 464
175 126
286 93
912 518
304 529
448 537
570 341
198 49
660 274
402 677
184 151
535 386
361 591
212 691
677 151
376 242
968 551
368 254
996 633
772 652
162 221
189 85
914 387
486 927
14 889
604 550
40 139
288 753
82 500
445 112
4 821
354 972
725 75
578 73
708 703
726 222
276 267
659 190
7 146
117 373
387 721
275 427
213 563
180 647
63 977
759 67
151 114
391 876
541 970
301 249
673 27
823 301
647 483
491 6
629 961
731 16
34 6
795 247
569 327
895 632
305 654
52 808
120 443
684 661
765 337
262 438
365 86
739 364
569 583
722 550
544 453
918 578
459 65
178 28
744 73
12 401
79 416
209 552
212 245
565 977
583 828
768 300
266 859
664 187
442 386
89 338
191 7
269 650
424 447
30 168
872 394
570 951
163 779
855 375
25 421
352 608
601 120
908 867
980 924
406 774
662 495
113 853
854 734
855 278
181 237
798 405
631 368
708 794
500 564
169 877
337 874
485 938
994 745
157 326
21 563
101 683
410 566
888 264
300 95
894 833
332 692
238 963
413 298
110 265
862 631
142 199
505 979
137 852
724 646
178 97
209 631
780 619
549 20
235 849
115 481
34 447
526 624
762 291
923 224
556 785
208 698
337 713
677 826
917 753
473 448
850 34
79 982
6 629
2 241
830 469
75 217
268 601
841 30
892 116
607 448
902 815
498 591
880 175
417 798
928 242
598 130
277 677
112 283
658 466
876 841
935 951
58 203
904 251
585 796
368 192
596 622
359 94
213 240
621 982
390 549
225 988
679 854
17 143
137 28
609 365
869 544
669 279
99 573
530 685
722 898
229 670
872 941
765 85
533 386
420 923
288 997
263 319
851 632
463 988
660 72
705 529
969 374
160 68
948 691
105 22
941 687
692 814
628 809
251 161
548 23
436 836
20 699
507 871
331 970
211 344
395 917
225 716
643 386
136 943
429 594
965 370
281 658
536 261
819 140
774 367
163 210
203 536
261 63
407 944
385 971
640 780
888 866
848 883
252 985
827 681
931 792
403 212
802 292
825 622
784 599
341 299
161 545
835 774
960 595
70 345
566 711
478 806
577 326
689 181
663 516
214 594
661 617
158 815
261 335
437 45
286 131
345 447
676 180
573 636
127 996
333 693
59 811
499 988
138 189
169 153
57 383
748 718
352 258
534 966
594 323
11 880
454 708
680 482
241 605
470 368
601 804
62 660
615 561
648 105
102 169
259 160
904 359
230 609
617 764
575 211
440 938
444 894
647 124
377 240
729 199
608 683
3 670
343 971
584 344
76 38
513 687
550 418
46 781
27 16
897 954
227 337
892 23
584 891
499 313
131 229
512 740
912 516
762 607
839 698
951 915
89 817
603 639
587 1
772 614
17 670
920 597
359 812
620 943
704 120
256 187
701 769
927 965
637 42
924 476
740 228
743 181
45 698
821 632
700 593
598 69
615 518
666 975
682 639
918 738
111 527
926 812
296 853
129 285
247 53
761 340
633 856
521 678
555 342
662 607
288 260
28 255
130 47
582 813
686 501
551 149
380 829
313 676
683 442
961 282
847 74
622 481
930 144
511 837
838 174
796 478
786 825
734 269
872 316
434 910
169 985
59 549
815 372
577 850
166 890
484 13
316 107
846 599
251 358
436 441
884 585
920 670
762 6
291 634
674 725
896 844
63 955
745 230
679 675
432 845
917 916
858 234
23 705
833 626
415 621
68 299
206 340
321 320
346 613
306 20
690 202
216 753
157 314
983 836
989 415
681 906
332 892
492 707
949 325
334 364
947 754
15 505
94 336
178 792
301 484
812 992
687 381
745 196
695 81
385 36
496 66
294 180
310 787
888 259
112 574
975 411
328 990
269 422
327 447
214 980
931 378
972 618
759 70
815 806
151 200
842 999
618 137
532 281
924 772
892 388
346 868
152 674
210 421
448 889
220 14
870 151
744 194
122 856
264 289
662 767
841 857
767 811
346 299
92 622
423 337
10 769
205 162
795 767
935 595
657 155
609 879
659 705
73 781
561 338
422 224
105 263
81 224
74 779
875 519
401 298
856 411
67 413
926 214
180 861
809 189
369 770
68 28
476 494
161 389
184 583
613 289
846 46
866 272
825 741
791 226
392 647
990 811
60 916
26 241
129 187
430 850
310 851
878 138
345 391
527 529
974 493
170 172
