1000
582 227
176 756
893 560
192 723
711 397
822 223
877 513
753 877
245 537
335 135
613 332
723 566
396 545
228 318
398 733
912 980
313 88
88 206
648 281
929 711
678 103
934 908
969 687
785 214
225 120
701 190
804 425
756 552
322 984
870 73
70 782
53 383
222 494
589 223
127 870
934 805
326 869
65 295
908 850
509 485
322 211
675 479
988 783
383 310
120 254
383 190
388 789
573 963
283 514
186 410
736 472
567 62
693 633
357 602
835 219
439 510
782 115
989 770
898 372
80 18
978 816
208 719
605 133
682 888
999 220
650 736
44 217
798 738
202 508
692 38
79 131
548 213
246 889
335 497
613 767
515 592
583 76
663 188
561 345
428 561
917 78
649 961
296 447
699 498
307 391
888 738
875 436
951 121
677 286
618 291
54 486
235 637
914 898
178 475
243 606
388 160
685 37
121 333
837 173
183 496
916 72
235 791
860 538
265 538
825 235
829 231
721 64
220 635
962 398
463 557
357 851
69 394
889 542
727 726
715 910
222 632
334 809
775 195
348 40
733 525
276 914
756 349
978 328
337 292
79 800
849 436
3 270
830 244
812 909
322 528
819 897
512 154
706 287
701 54
680 434
579 308
348 687
9 678
16 346
970 95
498 171
883 502
441 65
746 253
974 69
133 145
966 997
651 24
637 352
431 317
138 362
977 486
50 986
516 418
333 838
865 183
9 748
685 802
165 784
408 139
205 893
284 523
891 288
547 528
640 978
845 131
341 174
969 743
160 486
513 845
324 378
29 686
478 714
488 643
850 248
134 407
142 770
930 33
58 830
561 51
160 758
182 853
932 151
948 92
637 461
938 314
839 319
0 669
385 840
664 236
89 798
995 231
569 926
264 979
108 177
382 268
935 564
474 219
68 422
663 57
884 953
371 75
272 723
97 658
564 761
246 5
912 241
236 481
519 852
812 627
29 195
248 316
111 74
887 179
496 902
589 732
856 312
808 480
36 905
490 952
18 736
957 930
330 193
763 849
397 576
829 778
123 429
446 234
503 333
766 351
587 355
84 443
667 244
276 55
149 766
7 167
855 964
450 185
509 213
386 258
141 567
36 264
348 482
499 851
167 265
555 755
972 639
550 991
235 178
47 384
297 54
903 152
371 705
689 232
919 75
491 60
995 879
325 343
714 176
547 881
793 102
988 117
93 891
108 328
421 155
64 718
562 319
870 933
25 559
165 296
987 8
356 334
888 33
677 602
561 576
835 354
30 824
823 475
67 932
803 488
87 219
207 649
891 429
934 268
341 452
564 680
460 272
14 348
306 43
950 219
620 786
926 650
962 749
126 381
681 281
221 121
853 780
122 744
210 57
12 903
861 576
583 321
848 597
670 506
992 972
726 612
110 652
615 72
401 741
805 435
374 27
556 227
807 30
323 17
87 335
920 300
263 855
622 464
804 644
322 797
968 48
409 79
52 376
503 806
117 309
593 844
336 149
71 143
179 747
513 619
82 785
919 698
641 893
162 445
537 484
242 506
885 4
937 289
380 440
95 850
749 688
694 85
189 117
229 721
864 94
692 299
879 963
997 520
857 511
966 746
347 560
604 584
564 541
874 297
982 321
147 83
362 193
169 903
310 750
976 175
844 20
826 723
984 823
244 193
686 562
291 385
122 248
970 39
789 196
336 123
869 835
207 231
28 728
487 338
478 463
865 322
484 691
45 820
866 641
365 904
555 656
290 678
904 612
69 46
808 757
521 677
592 728
261 972
456 100
662 934
563 528
608 399
571 6
571 790
647 936
46 203
593 336
233 849
948 654
895 108
411 417
138 355
497 751
679 306
851 341
592 766
221 201
518 793
559 89
935 206
26 981
761 971
670 346
172 970
0 420
79 763
189 569
118 686
320 149
344 171
491 937
937 712
490 807
857 49
897 792
607 275
126 369
598 796
67 770
766 68
190 197
831 731
766 302
418 86
451 114
609 942
403 899
7 245
706 864
646 955
9 254
230 135
975 828
283 42
951 401
462 493
599 294
225 717
948 995
156 399
109 765
694 513
16 701
758 723
917 405
678 926
11 261
413 338
89 696
380 392
98 843
886 49
489 111
766 437
106 274
188 215
392 234
80 408
287 191
483 205
948 514
131 311
775 897
649 216
593 29
609 43
224 847
92 65
958 211
854 64
485 43
631 877
277 64
638 917
607 121
122 555
635 605
866 762
502 867
331 96
248 292
491 473
139 584
890 97
795 745
513 632
788 496
510 417
912 148
334 519
621 808
426 609
414 644
723 268
511 54
716 760
346 208
585 485
792 475
934 939
220 799
571 8
648 433
778 560
933 464
432 907
273 858
516 39
855 239
307 366
646 24
126 992
232 711
830 376
187 116
667 407
268 238
768 916
24 898
828 957
362 612
864 635
823 732
674 678
324 334
44 970
358 523
962 942
586 144
318 125
261 337
885 529
927 653
797 951
903 625
261 265
590 477
901 413
562 927
91 886
261 487
856 971
10 170
913 949
315 583
74 576
920 959
457 848
964 254
151 867
231 412
133 821
242 386
586 804
665 677
690 279
517 546
250 527
716 516
828 383
451 903
959 372
214 768
572 179
22 723
398 606
488 883
779 730
621 366
886 287
395 576
918 912
474 520
792 542
36 620
926 488
523 885
212 90
6 784
269 380
859 667
986 699
903 118
781 524
484 667
163 879
243 81
144 717
602 936
260 990
908 186
478 784
423 42
874 429
178 143
810 390
162 148
89 65
266 871
942 102
538 105
982 134
539 478
851 141
414 463
483 322
1 314
458 777
356 332
558 887
475 368
277 990
869 366
407 135
237 349
238 128
807 572
262 346
402 465
839 168
929 674
842 282
988 301
59 345
633 970
584 461
690 861
451 559
227 210
47 817
912 637
945 71
561 207
769 963
672 608
131 953
282 973
588 623
626 999
320 260
969 904
721 660
765 524
219 992
86 618
161 998
255 106
421 816
665 190
131 338
150 262
643 433
588 231
408 214
231 728
826 200
632 547
212 749
423 432
741 510
50 255
860 658
361 282
474 27
472 958
717 623
572 360
408 160
944 168
727 175
896 553
727 880
453 940
629 876
724 722
738 126
977 951
784 339
233 611
718 57
569 435
32 141
147 792
654 91
960 381
618 208
286 346
88 739
638 717
968 714
440 58
840 417
9 625
108 594
236 826
652 157
261 36
298 409
829 952
852 141
685 471
350 972
169 438
63 807
156 31
521 948
442 361
717 451
338 826
46 926
652 50
83 266
438 734
27 267
686 879
761 372
350 111
696 519
901 759
326 409
143 199
357 585
913 75
388 603
253 434
530 905
836 965
523 275
699 550
894 738
430 655
462 780
118 158
300 20
917 978
429 412
530 139
349 795
566 738
398 819
524 280
76 361
246 600
988 297
150 882
35 580
538 497
361 8
655 13
28 925
343 810
689 225
301 39
20 867
777 771
38 301
51 114
14 649
714 2
947 865
885 334
445 775
832 158
783 839
523 164
116 219
326 806
444 979
197 465
846 974
236 884
627 639
998 642
289 713
644 588
930 881
922 375
656 106
886 792
298 409
308 414
628 986
572 73
965 769
890 163
95 478
47 75
469 397
717 758
462 713
346 392
595 269
768 603
727 6
747 25
415 407
792 396
393 364
821 710
486 63
873 933
541 920
8 10
670 77
121 132
791 819
525 738
440 645
693 168
651 793
193 418
552 985
166 946
702 987
8 540
50 882
473 943
154 834
306 824
911 779
309 54
598 834
144 39
831 190
207 834
335 752
604 887
90 771
185 792
110 194
332 161
76 157
456 230
991 114
407 255
893 716
309 844
902 806
883 733
348 442
919 683
546 523
570 636
646 756
428 757
950 112
270 26
622 726
608 613
193 15
220 86
731 882
930 633
688 165
718 36
607 637
719 506
513 641
142 159
397 923
268 347
387 538
725 9
617 334
975 810
349 195
248 81
77 531
66 765
696 785
153 656
422 224
162 287
866 656
799 263
579 67
963 967
958 688
328 927
374 303
89 724
499 337
157 928
220 223
46 269
8 199
277 783
424 791
422 642
447 221
257 379
641 220
346 951
261 674
878 635
330 967
711 829
656 868
757 229
444 803
498 452
355 775
587 131
566 10
773 365
583 30
744 224
603 90
175 864
117 405
499 799
372 211
628 381
431 737
610 875
893 108
680 600
235 267
731 153
629 856
518 213
238 263
437 841
705 965
57 174
370 557
973 95
120 953
476 551
691 438
779 936
546 459
536 133
726 619
286 708
827 804
921 65
67 710
259 773
675 316
947 398
225 921
493 345
874 321
249 917
111 28
205 9
487 93
142 565
64 428
273 891
584 546
957 652
257 568
777 284
884 76
682 110
349 527
455 576
200 56
845 311
436 51
320 275
496 814
841 561
242 466
452 827
13 761
831 622
329 608
906 214
36 941
676 386
820 483
962 373
540 807
36 976
210 709
252 707
523 445
268 766
263 72
945 628
834 776
250 515
736 509
729 124
802 757
510 622
241 824
