500
756 109
95 925
204 809
13 380
434 120
813 600
586 639
513 779
88 805
9 483
459 876
963 489
265 72
557 671
820 102
694 928
211 142
853 768
303 218
500 737
338 314
689 276
953 555
56 394
360 417
229 819
293 192
309 558
616 218
230 436
320 276
364 883
770 569
3 425
787 504
514 477
170 204
754 475
759 162
869 471
579 450
291 225
994 952
135 610
170 365
398 490
994 114
725 116
683 729
542 822
585 56
300 755
612 54
582 723
568 452
195 147
254 486
372 249
790 508
859 960
225 610
802 571
724 527
40 760
608 934
582 545
990 882
652 955
288 235
30 856
39 225
356 293
63 80
542 853
940 754
165 518
364 967
89 88
847 481
200 455
415 783
1 758
665 5
713 954
240 95
162 279
321 518
573 736
951 467
942 891
221 107
409 585
75 851
26 922
332 226
729 100
361 82
858 27
88 923
333 328
18 847
608 691
718 533
428 669
0 370
560 222
477 322
159 904
173 537
826 857
116 908
957 477
990 167
856 430
442 541
759 461
389 719
504 107
604 284
128 604
6 688
178 836
10 690
740 535
579 919
393 47
827 702
525 169
222 733
600 664
275 711
477 16
782 982
475 386
618 603
342 625
291 873
461 654
563 553
541 494
472 286
542 651
989 419
821 563
152 773
227 779
484 705
795 266
39 270
4 9
225 346
634 869
219 447
523 134
1 416
981 473
703 523
477 44
942 650
607 94
423 834
874 259
891 21
877 282
644 881
292 869
579 278
738 151
726 613
637 727
30 618
552 733
141 29
777 83
679 384
530 454
570 756
713 814
777 590
448 421
823 92
643 403
371 381
906 97
995 543
176 25
162 728
110 303
110 887
739 141
623 269
948 545
25 661
711 154
604 160
576 779
252 219
534 623
952 440
72 299
984 248
324 146
329 786
801 791
673 540
284 648
809 232
546 186
246 257
341 202
769 269
981 374
840 868
997 792
308 422
92 644
22 768
790 703
555 944
846 580
484 131
581 646
363 127
184 961
736 525
163 506
146 497
880 986
365 229
131 25
3 575
670 26
695 460
81 602
404 928
535 241
59 116
239 774
595 423
736 331
301 251
189 447
748 421
786 465
3 269
491 6
844 161
384 891
973 818
494 730
746 29
971 157
497 562
931 92
985 19
775 638
623 317
86 723
738 224
189 741
493 680
100 689
193 836
580 166
654 426
896 400
455 219
557 304
133 841
748 119
212 524
109 835
193 195
559 931
419 100
25 912
780 477
601 325
313 534
491 968
960 740
720 768
311 278
72 445
471 821
916 683
697 25
871 890
573 782
173 344
882 198
609 662
27 562
339 341
96 182
309 409
922 29
177 586
659 249
383 482
422 651
518 119
28 389
361 601
171 535
298 53
85 907
67 113
469 406
454 918
588 115
327 863
496 504
801 156
105 184
638 528
187 508
999 215
897 361
169 420
248 467
473 333
374 892
446 195
650 252
465 591
367 792
806 864
648 607
372 106
143 362
986 330
871 985
897 120
698 66
541 946
533 366
632 259
259 430
807 261
683 624
852 402
417 658
618 417
265 990
523 760
705 509
90 576
847 988
48 545
406 589
844 292
308 828
903 567
258 710
828 941
687 33
344 104
691 962
873 957
305 749
717 10
258 160
938 105
500 986
3 906
928 199
550 236
27 454
155 285
516 335
579 203
368 923
659 60
237 533
369 542
282 438
904 892
950 842
350 450
181 705
709 461
904 259
49 283
65 204
920 582
891 499
785 260
422 445
672 12
330 393
554 964
183 811
856 134
653 558
936 186
263 997
647 519
609 48
802 674
252 75
256 496
574 394
108 349
191 780
361 521
525 267
837 708
78 693
194 84
252 131
622 867
480 622
387 89
670 541
764 275
616 372
771 543
766 879
892 957
11 605
830 536
872 667
596 303
713 791
387 965
274 9
184 754
983 571
844 654
465 960
929 81
332 700
624 451
931 868
760 942
473 591
830 346
258 778
1 323
569 740
640 195
101 825
950 85
396 146
739 861
458 20
295 790
72 271
593 3
140 354
297 613
945 479
311 555
257 312
879 179
52 519
374 506
696 676
591 93
822 330
306 632
702 953
423 774
225 368
777 365
722 426
978 667
905 290
575 162
954 806
693 359
677 68
865 374
744 456
819 919
138 125
551 840
431 326
966 656
695 743
21 417
521 351
437 426
993 364
940 948
170 986
659 199
54 524
573 150
332 392
69 822
870 973
662 301
299 980
957 346
75 330
764 596
681 553
374 675
