500
398 57
417 270
271 918
903 314
569 70
381 32
463 260
256 362
356 218
167 867
441 305
826 155
48 479
987 469
575 520
383 326
577 800
596 200
71 499
867 992
921 600
376 384
860 632
98 568
850 265
436 291
923 614
799 323
94 138
792 21
658 527
699 588
680 295
140 751
146 359
95 67
960 471
803 172
103 902
741 306
519 529
949 442
495 100
765 941
238 909
315 249
437 14
189 117
310 329
220 808
41 315
876 1
786 679
173 241
933 266
547 453
147 849
895 995
949 661
936 188
570 251
789 359
618 978
476 280
659 696
88 700
11 964
53 149
996 579
391 281
845 290
734 345
139 982
340 89
995 276
629 917
880 770
277 850
100 753
130 759
802 218
812 165
535 865
315 531
444 706
812 642
348 899
987 488
881 327
929 876
955 910
793 187
32 70
37 132
176 167
243 330
386 55
495 921
273 810
804 69
868 968
63 217
867 402
57 100
81 986
976 37
248 122
576 280
192 614
764 720
133 7
50 519
415 546
792 40
708 948
109 577
917 525
794 136
927 851
237 9
189 565
398 789
687 974
421 232
588 185
952 74
544 355
945 959
253 738
999 961
38 461
890 307
338 36
444 265
887 33
626 428
598 24
217 638
999 638
870 939
175 174
13 720
529 959
31 134
49 31
448 439
844 338
747 182
375 191
799 614
576 426
43 174
450 612
812 801
603 34
741 130
209 106
850 90
417 882
225 818
265 25
258 461
363 5
643 90
548 794
705 124
220 100
650 23
64 463
824 19
497 565
150 58
24 352
149 441
586 726
612 851
751 870
664 466
875 659
557 775
454 614
899 674
66 549
697 130
364 522
502 214
439 652
272 815
356 773
257 943
499 869
146 602
91 811
69 318
470 626
93 924
592 344
951 658
893 0
140 610
522 642
824 314
646 448
129 3
222 738
298 73
959 444
676 50
607 745
720 430
723 813
706 315
157 657
325 403
10 465
365 884
108 189
198 106
989 680
109 211
770 759
285 82
556 313
132 163
58 205
945 133
18 652
448 528
661 125
283 671
590 648
556 50
189 106
157 178
138 618
742 909
378 379
991 934
692 475
449 102
680 395
235 51
399 35
579 60
160 862
84 102
862 992
153 51
98 662
229 237
280 971
498 10
702 489
296 394
316 98
496 997
493 83
400 244
118 331
656 630
545 740
733 407
732 238
458 183
900 39
772 180
363 622
543 65
463 839
812 779
937 660
128 782
744 528
26 214
859 683
197 756
775 930
163 860
520 973
43 420
13 167
952 728
789 495
145 252
687 957
31 976
618 512
759 714
392 137
280 604
172 829
360 948
759 524
808 279
849 203
51 214
722 4
942 511
499 88
115 538
397 498
515 367
10 274
433 403
763 714
7 936
543 719
236 655
243 396
286 445
599 338
659 673
694 602
184 545
42 651
84 439
149 599
807 160
225 240
915 988
306 274
276 202
993 864
209 589
260 847
34 211
537 693
884 231
647 68
777 41
719 861
481 221
812 640
733 389
232 648
377 891
274 6
93 267
870 654
856 483
501 242
694 39
288 579
622 935
999 751
329 71
964 810
292 776
802 25
165 34
25 895
277 299
253 722
918 123
376 127
958 230
369 653
621 657
232 243
945 583
995 274
654 959
436 946
88 590
323 253
976 348
500 254
999 753
976 918
229 705
45 187
935 766
840 556
776 424
151 73
8 146
699 14
458 487
313 546
77 636
151 53
337 4
307 688
757 636
606 338
693 3
526 628
122 718
536 898
495 687
971 855
186 22
869 996
509 182
542 586
819 45
639 508
49 299
196 159
287 155
497 980
510 375
960 632
446 496
530 941
535 853
796 721
875 17
717 736
200 611
322 371
9 314
879 410
965 427
569 252
934 67
584 445
794 544
77 240
392 960
533 927
165 681
1 393
699 70
129 899
34 804
270 43
470 501
453 435
280 23
39 215
442 623
12 588
519 89
829 911
401 714
190 919
396 191
664 95
262 793
994 648
949 616
691 419
469 496
854 749
871 245
316 665
868 328
254 739
770 83
650 171
797 193
442 545
384 106
640 998
252 986
646 201
602 337
973 71
186 179
173 57
425 489
723 645
818 977
385 588
412 387
111 561
580 554
107 317
12 747
315 264
734 962
818 688
651 791
112 837
970 285
247 747
774 322
393 944
299 130
532 63
517 644
976 450
550 83
767 562
183 82
179 269
396 349
957 48
140 69
237 462
706 484
562 481
806 955
425 457
85 310
872 954
306 849
404 856
932 171
