1000
280 88
13 61
483 997
877 126
555 335
629 29
52 598
915 698
292 781
394 75
243 822
5 806
279 734
233 228
679 219
63 959
307 428
373 143
426 602
621 333
937 603
362 342
553 278
392 845
59 786
920 655
961 925
461 240
660 694
820 691
914 236
3 573
664 376
68 442
330 690
775 267
293 138
961 846
768 354
43 827
492 963
834 805
241 296
398 901
990 218
944 256
454 947
830 471
675 250
265 5
940 41
625 585
531 586
783 299
292 826
478 785
790 313
942 31
961 340
284 951
911 228
560 717
176 742
188 851
992 454
209 285
847 834
870 378
420 654
29 65
480 859
202 622
524 144
653 485
485 289
789 396
518 349
113 46
443 654
249 435
108 458
720 955
292 591
685 65
597 66
130 429
925 332
52 450
476 57
287 313
347 76
709 865
777 175
263 220
829 512
656 937
323 728
244 615
671 281
32 268
347 162
698 272
846 750
74 675
807 362
988 506
790 50
371 568
225 986
140 54
499 148
343 822
877 939
789 548
220 174
169 567
688 219
191 535
321 618
562 128
332 550
987 122
952 710
42 177
697 183
583 548
683 926
722 560
865 511
461 437
37 630
4 726
849 548
613 170
166 175
650 498
77 637
972 30
700 15
207 397
550 791
945 233
69 667
146 287
530 607
724 568
589 729
646 790
629 259
960 795
434 962
645 863
952 617
893 652
984 453
49 886
244 346
472 665
13 618
952 895
225 677
463 166
758 109
956 387
720 268
534 506
230 179
370 534
148 263
538 485
716 939
371 312
285 843
330 650
461 282
546 38
311 9
204 421
471 512
160 543
780 694
50 363
225 420
897 726
35 788
211 752
727 582
416 13
426 746
15 239
381 561
630 44
923 186
466 746
699 626
289 479
673 339
842 898
759 92
976 147
880 187
251 607
122 667
972 548
766 988
139 499
549 769
543 824
956 9
570 7
636 860
486 309
551 681
559 311
773 536
810 653
75 61
612 197
80 585
97 846
925 237
345 826
358 241
651 666
250 221
673 238
433 512
899 985
545 811
648 318
347 458
323 774
519 287
972 599
872 421
798 149
658 495
976 369
736 979
387 987
200 413
577 986
277 477
971 822
288 971
140 987
429 815
761 300
102 85
251 327
507 401
476 517
897 804
886 985
783 626
324 336
39 902
322 316
379 645
138 19
616 630
6 397
445 119
49 899
205 300
226 64
54 55
581 951
859 820
936 643
446 613
331 837
515 653
505 246
650 995
265 266
977 623
15 422
742 64
673 299
716 900
363 122
955 945
73 166
117 362
161 915
975 492
752 842
497 609
88 147
604 353
765 933
976 780
355 70
196 380
370 265
280 733
387 587
30 813
106 147
527 267
414 502
760 166
696 257
127 784
405 83
489 170
16 465
303 723
535 851
104 905
116 736
991 856
324 21
669 782
521 196
49 935
50 809
454 746
419 933
882 176
17 371
698 33
836 1
109 723
853 213
981 321
949 324
177 625
345 846
407 218
394 809
506 796
970 960
894 389
893 776
565 262
147 264
648 335
617 757
411 822
970 392
144 271
716 321
249 413
520 8
984 266
817 490
63 788
802 957
529 695
86 95
310 233
711 958
921 680
715 332
503 37
724 647
660 792
320 909
205 192
918 541
811 87
31 874
227 833
183 757
881 269
852 191
855 915
149 776
595 216
108 98
253 184
97 913
976 770
175 533
962 445
75 773
532 106
999 760
292 183
869 173
804 721
716 659
988 217
435 583
433 895
34 38
79 483
303 55
253 830
941 216
275 16
341 160
474 693
272 766
228 141
291 32
214 7
44 202
224 831
137 657
727 523
47 806
7 351
214 260
181 155
828 809
171 522
969 997
215 241
116 443
734 407
827 948
415 871
502 991
703 639
649 782
163 48
588 522
399 802
134 933
957 963
94 480
837 63
478 52
656 946
847 742
353 26
690 120
898 192
112 953
183 113
735 698
161 675
220 913
478 355
198 435
670 292
268 507
707 98
911 363
44 110
105 749
136 147
870 386
691 334
691 874
447 426
573 608
102 145
521 932
852 71
719 522
363 987
381 70
85 644
785 481
754 242
231 243
389 453
629 80
787 321
307 234
99 880
194 553
377 68
485 230
139 205
104 503
544 838
925 982
482 711
463 589
305 46
184 695
851 813
127 638
486 434
224 938
314 771
491 44
839 329
274 978
534 378
833 78
568 111
60 51
174 876
992 479
274 176
174 126
341 654
116 180
88 341
118 755
112 961
799 303
290 73
633 824
803 467
255 724
930 667
127 104
895 119
583 170
647 110
296 340
764 412
872 852
105 990
607 569
952 758
872 594
183 506
771 339
325 26
63 255
45 190
711 941
661 294
111 660
756 759
0 520
523 873
725 629
215 684
198 519
443 423
114 626
929 885
965 254
263 380
861 308
570 572
601 583
866 64
243 623
823 244
495 699
469 220
328 684
905 878
204 348
301 670
326 582
555 644
836 170
24 697
478 947
269 432
530 488
496 126
463 672
370 958
371 839
179 51
875 436
281 431
784 935
101 462
517 8
106 354
178 483
403 9
782 25
441 664
513 937
790 976
961 512
934 332
703 465
735 579
901 17
10 37
952 464
852 821
472 310
527 651
145 931
660 927
956 453
944 821
742 734
797 704
247 83
388 950
901 124
881 154
493 244
544 797
708 396
618 180
706 146
831 852
429 843
131 385
296 75
558 39
162 707
95 409
142 483
711 43
959 945
550 452
189 94
249 897
490 220
429 548
718 261
400 147
456 884
884 105
959 442
496 121
149 591
882 291
426 594
687 386
891 237
190 80
683 792
977 173
12 406
721 730
19 474
877 828
358 113
933 669
555 429
791 56
372 673
699 798
619 738
184 510
975 375
942 658
167 271
183 531
30 257
261 49
83 490
229 441
603 514
110 510
943 253
566 667
279 617
466 250
356 650
113 683
377 55
342 544
327 877
75 357
134 688
758 569
530 340
10 133
854 473
643 150
78 561
817 357
179 283
960 887
286 73
570 663
128 264
560 807
142 987
516 628
28 627
198 558
967 560
692 821
385 687
971 464
601 789
173 132
424 133
19 710
206 589
726 687
206 286
846 348
625 715
328 653
342 526
212 309
439 256
482 824
295 454
288 248
595 814
732 19
947 103
82 506
693 808
545 251
446 743
599 71
458 279
77 800
806 641
109 597
249 592
421 896
398 62
145 345
876 877
364 175
981 798
33 26
606 578
277 404
322 228
476 780
507 905
933 665
546 394
614 795
986 36
43 736
450 188
81 678
418 798
853 751
596 887
129 555
817 758
959 491
338 787
624 197
44 557
863 590
951 829
737 290
865 133
26 667
321 460
345 91
610 551
194 558
790 323
465 607
433 425
99 771
564 723
969 609
632 184
551 583
13 641
873 231
774 252
898 447
64 596
891 674
147 85
584 937
761 50
544 194
827 995
966 391
70 287
352 702
823 256
286 188
249 511
419 375
115 670
174 179
618 65
853 765
151 790
54 912
840 950
106 667
946 424
58 368
63 763
71 238
371 709
427 620
572 198
347 688
220 521
867 838
587 73
603 90
863 9
2 703
960 460
370 906
237 780
626 652
895 49
891 266
758 318
238 683
868 585
371 89
459 590
927 46
15 883
136 878
244 490
933 204
302 655
462 891
788 89
544 35
138 435
302 249
105 892
932 973
830 655
414 289
245 694
335 261
929 823
491 173
665 777
378 319
784 840
211 572
281 755
608 420
542 262
21 647
154 953
972 336
960 387
625 205
433 312
818 362
487 662
535 152
791 265
472 575
458 35
500 739
790 108
159 332
722 532
979 228
485 303
565 797
42 190
355 475
503 525
837 342
187 725
495 978
990 319
554 448
354 54
540 496
514 51
828 588
584 159
816 421
814 733
219 857
924 574
332 779
99 522
121 639
247 968
617 589
639 523
390 345
929 930
193 795
981 21
383 565
532 552
987 347
285 558
204 561
132 536
692 583
58 166
222 657
486 192
247 126
67 989
823 997
919 17
144 900
390 880
818 923
432 157
622 69
715 826
631 199
714 323
782 125
841 357
134 328
549 733
806 616
722 629
965 641
998 110
894 741
990 712
16 774
221 638
843 936
816 826
487 882
502 269
359 343
626 494
671 175
227 829
144 950
811 109
943 809
219 837
902 561
901 918
335 122
908 531
410 724
357 897
959 211
519 318
555 145
812 578
673 392
408 169
342 571
278 285
732 850
475 635
411 376
553 99
851 462
630 261
538 339
511 497
551 30
168 458
175 332
388 200
724 148
369 418
719 0
56 452
850 531
87 261
259 992
712 110
806 694
724 345
34 235
194 937
265 362
747 792
47 135
345 771
636 714
542 355
714 598
159 916
481 246
178 740
591 242
203 397
937 279
94 323
866 641
260 131
355 7
275 402
494 620
174 130
687 716
838 753
666 997
670 147
596 200
239 187
442 794
936 379
73 31
702 939
672 314
422 379
673 50
782 168
670 956
650 709
24 488
463 42
486 485
189 82
685 780
621 479
